武林门外鱼担儿，艮山门外丝篮儿，凤山门外跑马儿，清泰门外盐担儿，望江门外菜担儿，
候潮门外酒坛儿，清波门外柴担儿，涌金门外划船儿，钱塘门外香篮儿，庆春门外粪担儿。
古候潮门
地址：上城区江城路307号附近转盘花坛
坐标：120.179532,30.232903


120.179249,30.232809
120.178629,30.232899
120.177097,30.23323
120.176464,30.233433

古凤山门
地址：上城区中山南路与六部桥直街交叉路口西北侧
坐标：120.17649,30.233599

120.176266,30.23362
120.176832,30.235442
120.175404,30.235422
120.174753,30.235259
120.173234,30.234674
120.17252,30.234529
120.165015,30.235719
120.163483,30.236238
120.162104,30.236007
120.161846,30.238381   120.163041,30.240198
120.16336,30.241247
120.164141,30.241785
120.164909,30.242983

古清波门
地址：上城区南山路61号学士公园内
坐标：120.164496,30.243059

120.164986,30.243178
120.164559,30.246898
120.167537,30.252042

古涌金门
地址：上城区南山路127号
电话：(0571)87026098
坐标：120.167104,30.252257

120.167142,30.253411
120.167362,30.25359
120.167636,30.254733
120.168202,30.255302
120.169513,30.256019
120.170897,30.256078
120.170652,30.263933
120.168256,30.263982
120.166635,30.263966
古钱塘门
地址：上城区湖滨路52号附近
坐标：120.165662,30.263853

120.166635,30.263966
120.167147,30.265624
120.167061,30.266119
120.167564,30.267405
120.167695,30.268127
120.167591,30.269542
120.166953,30.271811
120.165705,30.275632
120.165292,30.276267
120.164739,30.276271


古武林门
地址：下城区武林体育场路万向公园
坐标：120.164655,30.276622

120.173567,30.27584
120.17767,30.275542
120.177666,30.277503
120.180123,30.277803
120.182638,30.278712
120.184403,30.278895
120.184282,30.28056

古艮山门
地址：下城区环城北路与建国北路交叉口
坐标：120.184938,30.280866

120.185804,30.280681
120.186806,30.275994
120.187309,30.27261
120.187486,30.270304
120.187428,30.263754
120.194284,30.263592

古庆春门
地址：拱墅区环城东路132号
坐标：120.194409,30.263812

120.1941,30.263631
120.193853,30.257856
120.19353,30.256827
120.192663,30.25522
120.192227,30.255532
120.19158,30.255345
120.191504,30.254986
120.19176,30.25474
120.191841,30.254385
120.190839,30.252927

古清泰门
地址：上城区环城东路14附近
坐标：120.191451,30.252922


120.190839,30.252927
120.188773,30.253118
120.186118,30.252826
120.185826,30.252584
120.184339,30.248669
120.184528,30.248411
120.18672,30.247386
120.185619,30.245553
120.184717,30.244133
120.183508,30.242226

古望江门
地址：上城区江城路634号附近
坐标：120.183922,30.242191

120.182304,30.24053
120.181622,30.23948
120.181209,30.238879
120.180787,30.238041
120.180279,30.236742
120.179686,30.234983
120.179394,30.233864
120.179421,30.233041

古候潮门




1.古钱塘门
隋开皇十一年（591）移州依山筑城，西北城门谓钱唐门。唐武德四年（621）为避国号讳改钱唐为钱塘，民国二年拆除。
2.古涌金门
唐景福二年( 839 ) ，吴越国王钱谬筑杭州城墙.在此处开城门即命名为“涌 金门 ”。民国二年拆除。
3.古清波门
吴越时为涵水门，南宋绍兴二十八年增筑杭城，在此建门。民国二年拆除。
4.古凤山门
为南宋王朝的南大门。南宋末，元兵进占，门毁。至正十九年重建城垣名凤山门。民国初期，拆毁城门。
5.古候潮门
始建于五代吴越，名竹车门。南宋绍兴二十八年在旧基重候潮门。民国二年以后，因拆城筑路，门被拆除。
6望江 门
为杭城古代东南部城门，始建于南宋绍兴二十八年，民国初因筑路拆除城墙城门。 
7清泰门
为杭州古代的东门，其地多螺蛳，故称螺蛳门。光绪三十三年因沪杭铁路设车站于清泰门内拆除。
8庆春门
始建于南宋绍兴二十八年，为杭州古代东城门之一。原名东青门，因门外有菜市又称菜市门。明初常遇春由此门入城，故名庆春。1959年建环城东路时拆除。
9艮山门
杭城古代的东北门，五代吴越时筑罗城 ，称保德 门，南宋绍兴二十八年，移门址改名艮山门。于民国初期因筑路拆除。
10武林门
杭城最古老的北大门，始建于隋代，有1300多年历史。。民国初，因筑路拆除武林门。